"Status","Start Time","Stop Time","Duration in ms","Parent Suite","Suite","Sub Suite","Test Class","Test Method","Name","Description"
"failed","Thu Nov 19 23:33:57 GMT 2020","Thu Nov 19 23:34:34 GMT 2020","37098","","content-management-policy-application-to-files @content-management-policy-application-to-files","","content-management-policy-application-to-files @content-management-policy-application-to-files","Content Management policy is correctly applied to processed files {""contentFlags"":""hyperlink"",""flagType"":""disallow"",""fileType"":""jpg"",""file"":""Complete+works+of+shakespeare+hidden+zip_Polyglot_image.jpg"",""fileOutcome"":""htmlReport""} @smoke @TEST-212 @Fail-code","Content Management policy is correctly applied to processed files {""contentFlags"":""hyperlink"",""flagType"":""disallow"",""fileType"":""jpg"",""file"":""Complete+works+of+shakespeare+hidden+zip_Polyglot_image.jpg"",""fileOutcome"":""htmlReport""} @smoke @TEST-212 @Fail-code",""
"passed","Thu Nov 19 23:34:05 GMT 2020","Thu Nov 19 23:34:19 GMT 2020","14142","","non-compliant-files-routing-mechanism @non-compliant-files-routing-mechanism","","non-compliant-files-routing-mechanism @non-compliant-files-routing-mechanism","I can change the outcome of unprocessable files {""routeOption"":""Relay"",""updatedRouteOption"":""Relay""} @smoke @TEST-183","I can change the outcome of unprocessable files {""routeOption"":""Relay"",""updatedRouteOption"":""Relay""} @smoke @TEST-183",""
"passed","Thu Nov 19 23:33:32 GMT 2020","Thu Nov 19 23:33:48 GMT 2020","16203","","non-compliant-files-routing-mechanism @non-compliant-files-routing-mechanism","","non-compliant-files-routing-mechanism @non-compliant-files-routing-mechanism","I can only update the non-compliant routes API URL with a valid one {""url"":""glasswallsolutions.com"",""message"":""success""} @smoke @TEST-158_159","I can only update the non-compliant routes API URL with a valid one {""url"":""glasswallsolutions.com"",""message"":""success""} @smoke @TEST-158_159",""
"failed","Thu Nov 19 23:33:36 GMT 2020","Thu Nov 19 23:33:48 GMT 2020","11852","","file-drop-file-process-result-view @file-drop-file-process-result-view","","file-drop-file-process-result-view @file-drop-file-process-result-view","I can see the result of a unrepaired file with the list of structural issues not removed {""fileWithIssues"":""src/data/input/file2.pdf"",""nonrepairedObject"":""Non-conforming image"",""processStatus"":""Your file has been processed""} @smoke @TEST-229","I can see the result of a unrepaired file with the list of structural issues not removed {""fileWithIssues"":""src/data/input/file2.pdf"",""nonrepairedObject"":""Non-conforming image"",""processStatus"":""Your file has been processed""} @smoke @TEST-229",""
"passed","Thu Nov 19 23:33:13 GMT 2020","Thu Nov 19 23:33:42 GMT 2020","28939","","request-history-filtering-by-risk-outcome @request-history-filtering-by-risk-outcome","","request-history-filtering-by-risk-outcome @request-history-filtering-by-risk-outcome","I can filter the log by file risks {""filter"":""Safe"",""filteredFile"":""Safe""} @functional @smoke @TEST-164","I can filter the log by file risks {""filter"":""Safe"",""filteredFile"":""Safe""} @functional @smoke @TEST-164",""
"passed","Thu Nov 19 23:33:46 GMT 2020","Thu Nov 19 23:34:03 GMT 2020","16476","","request-history-filtering-by-date @request-history-filtering-by-date","","request-history-filtering-by-date @request-history-filtering-by-date","I can filter the request log using the time interval {""timeInterval"":""24 Hours"",""datetimeFrom"":""24"",""datetimeTo"":""current time""} @functional @smoke @TEST-167 @Fail-code","I can filter the request log using the time interval {""timeInterval"":""24 Hours"",""datetimeFrom"":""24"",""datetimeTo"":""current time""} @functional @smoke @TEST-167 @Fail-code",""
"failed","Thu Nov 19 23:33:25 GMT 2020","Thu Nov 19 23:33:36 GMT 2020","10910","","file-drop-file-analysis-reporting @file-drop-file-analysis-reporting","","file-drop-file-analysis-reporting @file-drop-file-analysis-reporting","I can download the full PDF analysis report for a file {""supportedFile"":""src/data/input/file2.pdf"",""pdfFile"":""file2.pdf""} @smoke @TEST-226 @Fail-code","I can download the full PDF analysis report for a file {""supportedFile"":""src/data/input/file2.pdf"",""pdfFile"":""file2.pdf""} @smoke @TEST-226 @Fail-code",""
"failed","Thu Nov 19 23:33:24 GMT 2020","Thu Nov 19 23:33:36 GMT 2020","11828","","file-drop-file-process-result-view @file-drop-file-process-result-view","","file-drop-file-process-result-view @file-drop-file-process-result-view","I can see the result of a repaired file with the issues removed {""activeContentFile"":""src/data/input/file1.docx"",""activeContent"":""Internal Hyperlinks present in CT_Bookmark"",""repairedObject"":""APP segment removed"",""processStatus"":""Your file has been processed""} @smoke @TEST-228","I can see the result of a repaired file with the issues removed {""activeContentFile"":""src/data/input/file1.docx"",""activeContent"":""Internal Hyperlinks present in CT_Bookmark"",""repairedObject"":""APP segment removed"",""processStatus"":""Your file has been processed""} @smoke @TEST-228",""
"passed","Thu Nov 19 23:35:43 GMT 2020","Thu Nov 19 23:36:23 GMT 2020","40382","","Content Management Policy Editing @content-management-policy-editing","","Content Management Policy Editing @content-management-policy-editing","A user is able to change all content flags for all file type in policy page {""FileType"":""word"",""FlagType"":""sanitise""} @functional @smoke @TEST-215","A user is able to change all content flags for all file type in policy page {""FileType"":""word"",""FlagType"":""sanitise""} @functional @smoke @TEST-215",""
"passed","Thu Nov 19 23:34:47 GMT 2020","Thu Nov 19 23:35:01 GMT 2020","14104","","non-compliant-files-routing-mechanism @non-compliant-files-routing-mechanism","","non-compliant-files-routing-mechanism @non-compliant-files-routing-mechanism","I can change the outcome of Glasswall Blocked files {""routeOption"":""Relay"",""updatedRouteOption"":""Relay""} @smoke @TEST-187","I can change the outcome of Glasswall Blocked files {""routeOption"":""Relay"",""updatedRouteOption"":""Relay""} @smoke @TEST-187",""
"passed","Thu Nov 19 23:34:35 GMT 2020","Thu Nov 19 23:34:57 GMT 2020","22242","","Content Management Policy Editing @content-management-policy-editing","","Content Management Policy Editing @content-management-policy-editing","A user can cancel any updates that they have done to the policy by pressing cancel {""FileType"":""word"",""ContentFlags"":""embeddedFiles"",""CurrentFlagType"":""disallow"",""ChangedFlagType"":""sanitise""} @functional @smoke @TEST-213","A user can cancel any updates that they have done to the policy by pressing cancel {""FileType"":""word"",""ContentFlags"":""embeddedFiles"",""CurrentFlagType"":""disallow"",""ChangedFlagType"":""sanitise""} @functional @smoke @TEST-213",""
"failed","Thu Nov 19 23:33:48 GMT 2020","Thu Nov 19 23:34:00 GMT 2020","11419","","file-drop-file-processing @file-drop-file-processing","","file-drop-file-processing @file-drop-file-processing","I can process a file through the file drop service {""supportedFile"":""src/data/input/issues.docx"",""fileName"":""issues.docx"",""fileType"":""docx"",""processStatus"":""Your file has been processed""} @smoke @TEST-230","I can process a file through the file drop service {""supportedFile"":""src/data/input/issues.docx"",""fileName"":""issues.docx"",""fileType"":""docx"",""processStatus"":""Your file has been processed""} @smoke @TEST-230",""
"failed","Thu Nov 19 23:35:44 GMT 2020","Thu Nov 19 23:35:55 GMT 2020","10925","","dashboard-requests-filtering-by-process-date @dashboard-requests-filtering-by-process-date","","dashboard-requests-filtering-by-process-date @dashboard-requests-filtering-by-process-date","I am able to filter the dashboard requests by time {""timeInterval"":""24 Hours"",""datetimeFrom"":""24"",""datetimeTo"":""current time""} @smoke @TEST-151_time","I am able to filter the dashboard requests by time {""timeInterval"":""24 Hours"",""datetimeFrom"":""24"",""datetimeTo"":""current time""} @smoke @TEST-151_time",""
"passed","Thu Nov 19 23:35:01 GMT 2020","Thu Nov 19 23:35:14 GMT 2020","13159","","non-compliant-files-routing-mechanism @non-compliant-files-routing-mechanism","","non-compliant-files-routing-mechanism @non-compliant-files-routing-mechanism","I can change the outcome of Glasswall Blocked files {""routeOption"":""Block"",""updatedRouteOption"":""Block""} @smoke @TEST-187","I can change the outcome of Glasswall Blocked files {""routeOption"":""Block"",""updatedRouteOption"":""Block""} @smoke @TEST-187",""
"failed","Thu Nov 19 23:34:22 GMT 2020","Thu Nov 19 23:34:33 GMT 2020","10920","","file-drop-file-processing @file-drop-file-processing","","file-drop-file-processing @file-drop-file-processing","An error message is produced when file drop is unable to process a file {""file"":""src/data/input/test2.pdf"",""error"":""This free service is currently limited to a maximum file size of 3.5MB""} @smoke @TEST-231 @Fail-Code","An error message is produced when file drop is unable to process a file {""file"":""src/data/input/test2.pdf"",""error"":""This free service is currently limited to a maximum file size of 3.5MB""} @smoke @TEST-231 @Fail-Code",""
"failed","Thu Nov 19 23:33:34 GMT 2020","Thu Nov 19 23:33:55 GMT 2020","20699","","content-management-policy-history @content-management-policy-history","","content-management-policy-history @content-management-policy-history","I can change the number of items displayed on a page {""itemCount"":""50""} @smoke @TEST-217","I can change the number of items displayed on a page {""itemCount"":""50""} @smoke @TEST-217",""
"failed","Thu Nov 19 23:33:48 GMT 2020","Thu Nov 19 23:33:59 GMT 2020","11470","","dashboard-requests-filtering-by-file-risk @dashboard-requests-filtering-by-file-risk","","dashboard-requests-filtering-by-file-risk @dashboard-requests-filtering-by-file-risk","I can filter the risk legend {""chart"":""pie"",""fileRisk"":""Allowed By NCFS"",""filteredRisk"":""Allowed By NCFS""} @smoke @TEST-192 @Fail-App","I can filter the risk legend {""chart"":""pie"",""fileRisk"":""Allowed By NCFS"",""filteredRisk"":""Allowed By NCFS""} @smoke @TEST-192 @Fail-App",""
"failed","Thu Nov 19 23:34:11 GMT 2020","Thu Nov 19 23:34:21 GMT 2020","10821","","dashboard-requests-filtering-by-file-risk @dashboard-requests-filtering-by-file-risk","","dashboard-requests-filtering-by-file-risk @dashboard-requests-filtering-by-file-risk","I can filter the risk legend {""chart"":""line graph"",""fileRisk"":""Safe"",""filteredRisk"":""Safe""} @smoke @TEST-192 @Fail-App","I can filter the risk legend {""chart"":""line graph"",""fileRisk"":""Safe"",""filteredRisk"":""Safe""} @smoke @TEST-192 @Fail-App",""
"passed","Thu Nov 19 23:33:30 GMT 2020","Thu Nov 19 23:33:46 GMT 2020","16479","","request-history-filtering-by-date @request-history-filtering-by-date","","request-history-filtering-by-date @request-history-filtering-by-date","I can filter the request log using the time interval {""timeInterval"":""12 Hours"",""datetimeFrom"":""12"",""datetimeTo"":""current time""} @functional @smoke @TEST-167 @Fail-code","I can filter the request log using the time interval {""timeInterval"":""12 Hours"",""datetimeFrom"":""12"",""datetimeTo"":""current time""} @functional @smoke @TEST-167 @Fail-code",""
"passed","Thu Nov 19 23:35:20 GMT 2020","Thu Nov 19 23:36:04 GMT 2020","43646","","request-history-log @request-history-log","","request-history-log @request-history-log","I can remove individual filters {""filterOne"":""png"",""filterTwo"":""Safe"",""filterToRemove"":""Safe"",""appliedFilter"":""Png""} @functional @smoke @TEST-189","I can remove individual filters {""filterOne"":""png"",""filterTwo"":""Safe"",""filterToRemove"":""Safe"",""appliedFilter"":""Png""} @functional @smoke @TEST-189",""
"passed","Thu Nov 19 23:35:14 GMT 2020","Thu Nov 19 23:35:28 GMT 2020","14125","","non-compliant-files-routing-mechanism @non-compliant-files-routing-mechanism","","non-compliant-files-routing-mechanism @non-compliant-files-routing-mechanism","I can change the outcome of Glasswall Blocked files {""routeOption"":""Refer"",""updatedRouteOption"":""Refer""} @smoke @TEST-187","I can change the outcome of Glasswall Blocked files {""routeOption"":""Refer"",""updatedRouteOption"":""Refer""} @smoke @TEST-187",""
"failed","Thu Nov 19 23:33:42 GMT 2020","Thu Nov 19 23:33:54 GMT 2020","11800","","request-history-log @request-history-log","","request-history-log @request-history-log","I am able to change the number of files displayed on the page {""itemCount"":""25"",""fileCount"":""4""} @smoke @TEST-166","I am able to change the number of files displayed on the page {""itemCount"":""25"",""fileCount"":""4""} @smoke @TEST-166",""
"failed","Thu Nov 19 23:34:45 GMT 2020","Thu Nov 19 23:34:56 GMT 2020","10828","","dashboard-requests-filtering-by-file-risk @dashboard-requests-filtering-by-file-risk","","dashboard-requests-filtering-by-file-risk @dashboard-requests-filtering-by-file-risk","I can filter the risk legend {""chart"":""line graph"",""fileRisk"":""Allowed By NCFS"",""filteredRisk"":""Allowed By NCFS""} @smoke @TEST-192 @Fail-App","I can filter the risk legend {""chart"":""line graph"",""fileRisk"":""Allowed By NCFS"",""filteredRisk"":""Allowed By NCFS""} @smoke @TEST-192 @Fail-App",""
"failed","Thu Nov 19 23:33:12 GMT 2020","Thu Nov 19 23:33:25 GMT 2020","12519","","dashboard-requests-filtering-by-file-risk @dashboard-requests-filtering-by-file-risk","","dashboard-requests-filtering-by-file-risk @dashboard-requests-filtering-by-file-risk","I can filter the risk legend {""chart"":""pie"",""fileRisk"":""Safe"",""filteredRisk"":""Safe""} @smoke @TEST-192 @Fail-App","I can filter the risk legend {""chart"":""pie"",""fileRisk"":""Safe"",""filteredRisk"":""Safe""} @smoke @TEST-192 @Fail-App",""
"failed","Thu Nov 19 23:34:00 GMT 2020","Thu Nov 19 23:34:11 GMT 2020","10928","","file-drop-file-processing @file-drop-file-processing","","file-drop-file-processing @file-drop-file-processing","I can process a file through the file drop service {""supportedFile"":""src/data/input/structuralIssues.xlsx"",""fileName"":""structuralIssues.xlsx"",""fileType"":""xlsx"",""processStatus"":""Your file has been processed""} @smoke @TEST-230","I can process a file through the file drop service {""supportedFile"":""src/data/input/structuralIssues.xlsx"",""fileName"":""structuralIssues.xlsx"",""fileType"":""xlsx"",""processStatus"":""Your file has been processed""} @smoke @TEST-230",""
"passed","Thu Nov 19 23:34:31 GMT 2020","Thu Nov 19 23:34:58 GMT 2020","27218","","request-history-filtering-by-file-type @request-history-filtering-by-file-type","","request-history-filtering-by-file-type @request-history-filtering-by-file-type","filter the log by file type {""filter"":""pdf"",""filteredFile"":""Pdf""} @functional @smoke @TEST-163","filter the log by file type {""filter"":""pdf"",""filteredFile"":""Pdf""} @functional @smoke @TEST-163",""
"passed","Thu Nov 19 23:33:13 GMT 2020","Thu Nov 19 23:33:32 GMT 2020","19132","","non-compliant-files-routing-mechanism @non-compliant-files-routing-mechanism","","non-compliant-files-routing-mechanism @non-compliant-files-routing-mechanism","The default routing option for unprocessable and blocked files is accurate @smoke @TEST-MISSING","The default routing option for unprocessable and blocked files is accurate @smoke @TEST-MISSING",""
"failed","Thu Nov 19 23:33:12 GMT 2020","Thu Nov 19 23:33:57 GMT 2020","44772","","content-management-policy-application-to-files @content-management-policy-application-to-files","","content-management-policy-application-to-files @content-management-policy-application-to-files","Content Management policy is correctly applied to processed files {""contentFlags"":""embeddedFiles"",""flagType"":""sanitise"",""fileType"":""word"",""file"":""MacroRunCalculator.docm"",""fileOutcome"":""Sanitised""} @smoke @TEST-212 @Fail-code","Content Management policy is correctly applied to processed files {""contentFlags"":""embeddedFiles"",""flagType"":""sanitise"",""fileType"":""word"",""file"":""MacroRunCalculator.docm"",""fileOutcome"":""Sanitised""} @smoke @TEST-212 @Fail-code",""
"failed","Thu Nov 19 23:34:00 GMT 2020","Thu Nov 19 23:34:11 GMT 2020","10922","","dashboard-requests-filtering-by-file-risk @dashboard-requests-filtering-by-file-risk","","dashboard-requests-filtering-by-file-risk @dashboard-requests-filtering-by-file-risk","I can filter the risk legend {""chart"":""pie"",""fileRisk"":""Allowed By Policy"",""filteredRisk"":""Allowed By Policy""} @smoke @TEST-192 @Fail-App","I can filter the risk legend {""chart"":""pie"",""fileRisk"":""Allowed By Policy"",""filteredRisk"":""Allowed By Policy""} @smoke @TEST-192 @Fail-App",""
"passed","Thu Nov 19 23:36:23 GMT 2020","Thu Nov 19 23:37:03 GMT 2020","40260","","Content Management Policy Editing @content-management-policy-editing","","Content Management Policy Editing @content-management-policy-editing","A user is able to change all content flags for all file type in policy page {""FileType"":""pdf"",""FlagType"":""disallow""} @functional @smoke @TEST-215","A user is able to change all content flags for all file type in policy page {""FileType"":""pdf"",""FlagType"":""disallow""} @functional @smoke @TEST-215",""
"failed","Thu Nov 19 23:35:20 GMT 2020","Thu Nov 19 23:35:32 GMT 2020","11895","","dashboard-requests-filtering-by-process-date @dashboard-requests-filtering-by-process-date","","dashboard-requests-filtering-by-process-date @dashboard-requests-filtering-by-process-date","I am able to filter the dashboard requests by time {""timeInterval"":""1 Hour"",""datetimeFrom"":""1"",""datetimeTo"":""current time""} @smoke @TEST-151_time","I am able to filter the dashboard requests by time {""timeInterval"":""1 Hour"",""datetimeFrom"":""1"",""datetimeTo"":""current time""} @smoke @TEST-151_time",""
"failed","Thu Nov 19 23:33:37 GMT 2020","Thu Nov 19 23:33:48 GMT 2020","10858","","dashboard-requests-filtering-by-file-risk @dashboard-requests-filtering-by-file-risk","","dashboard-requests-filtering-by-file-risk @dashboard-requests-filtering-by-file-risk","I can filter the risk legend {""chart"":""pie"",""fileRisk"":""Blocked By NCFS"",""filteredRisk"":""Blocked By NCFS""} @smoke @TEST-192 @Fail-App","I can filter the risk legend {""chart"":""pie"",""fileRisk"":""Blocked By NCFS"",""filteredRisk"":""Blocked By NCFS""} @smoke @TEST-192 @Fail-App",""
"passed","Thu Nov 19 23:34:57 GMT 2020","Thu Nov 19 23:35:19 GMT 2020","22657","","Content Management Policy Editing @content-management-policy-editing","","Content Management Policy Editing @content-management-policy-editing","I can edit policy content flags {""FileType"":""word"",""ContentFlags"":""embeddedFiles"",""FlagType"":""sanitise""} @functional @smoke @TEST-214","I can edit policy content flags {""FileType"":""word"",""ContentFlags"":""embeddedFiles"",""FlagType"":""sanitise""} @functional @smoke @TEST-214",""
"failed","Thu Nov 19 23:34:56 GMT 2020","Thu Nov 19 23:35:08 GMT 2020","11759","","dashboard-requests-filtering-by-file-risk @dashboard-requests-filtering-by-file-risk","","dashboard-requests-filtering-by-file-risk @dashboard-requests-filtering-by-file-risk","I can filter the risk legend {""chart"":""line graph"",""fileRisk"":""Allowed By Policy"",""filteredRisk"":""Allowed By Policy""} @smoke @TEST-192 @Fail-App","I can filter the risk legend {""chart"":""line graph"",""fileRisk"":""Allowed By Policy"",""filteredRisk"":""Allowed By Policy""} @smoke @TEST-192 @Fail-App",""
"failed","Thu Nov 19 23:34:11 GMT 2020","Thu Nov 19 23:34:22 GMT 2020","10880","","file-drop-file-processing @file-drop-file-processing","","file-drop-file-processing @file-drop-file-processing","An error message is produced when file drop is unable to process a file {""file"":""src/data/input/icaptest.ps1"",""error"":""Please use a supported file type""} @smoke @TEST-231 @Fail-Code","An error message is produced when file drop is unable to process a file {""file"":""src/data/input/icaptest.ps1"",""error"":""Please use a supported file type""} @smoke @TEST-231 @Fail-Code",""
"failed","Thu Nov 19 23:33:13 GMT 2020","Thu Nov 19 23:33:24 GMT 2020","11579","","file-drop-file-process-result-view @file-drop-file-process-result-view","","file-drop-file-process-result-view @file-drop-file-process-result-view","I can download the full analysis report of a processed file {""supportedFile"":""src/data/input/issues.docx"",""analysisReport"":""issues.docx.xml""} @smoke @TEST-227","I can download the full analysis report of a processed file {""supportedFile"":""src/data/input/issues.docx"",""analysisReport"":""issues.docx.xml""} @smoke @TEST-227",""
"passed","Thu Nov 19 23:33:13 GMT 2020","Thu Nov 19 23:33:30 GMT 2020","17339","","request-history-filtering-by-date @request-history-filtering-by-date","","request-history-filtering-by-date @request-history-filtering-by-date","I can filter the request log using the time interval {""timeInterval"":""1 Hour"",""datetimeFrom"":""1"",""datetimeTo"":""current time""} @functional @smoke @TEST-167 @Fail-code","I can filter the request log using the time interval {""timeInterval"":""1 Hour"",""datetimeFrom"":""1"",""datetimeTo"":""current time""} @functional @smoke @TEST-167 @Fail-code",""
"passed","Thu Nov 19 23:33:48 GMT 2020","Thu Nov 19 23:34:05 GMT 2020","16814","","non-compliant-files-routing-mechanism @non-compliant-files-routing-mechanism","","non-compliant-files-routing-mechanism @non-compliant-files-routing-mechanism","I can only update the non-compliant routes API URL with a valid one {""url"":""invalidurl"",""message"":""error""} @smoke @TEST-158_159","I can only update the non-compliant routes API URL with a valid one {""url"":""invalidurl"",""message"":""error""} @smoke @TEST-158_159",""
"failed","Thu Nov 19 23:34:34 GMT 2020","Thu Nov 19 23:34:45 GMT 2020","11333","","dashboard-requests-filtering-by-file-risk @dashboard-requests-filtering-by-file-risk","","dashboard-requests-filtering-by-file-risk @dashboard-requests-filtering-by-file-risk","I can filter the risk legend {""chart"":""line graph"",""fileRisk"":""Blocked By NCFS"",""filteredRisk"":""Blocked By NCFS""} @smoke @TEST-192 @Fail-App","I can filter the risk legend {""chart"":""line graph"",""fileRisk"":""Blocked By NCFS"",""filteredRisk"":""Blocked By NCFS""} @smoke @TEST-192 @Fail-App",""
"failed","Thu Nov 19 23:33:13 GMT 2020","Thu Nov 19 23:33:24 GMT 2020","11479","","user-records-admin @user-records-admin","","user-records-admin @user-records-admin","A new user cannot be added with a invalid email {""name"":""InvalidUser1"",""email"":""Invalid@email.com""} @smoke @TEST-185 @Fail-app","A new user cannot be added with a invalid email {""name"":""InvalidUser1"",""email"":""Invalid@email.com""} @smoke @TEST-185 @Fail-app",""
"passed","Thu Nov 19 23:35:19 GMT 2020","Thu Nov 19 23:35:43 GMT 2020","23187","","Content Management Policy Editing @content-management-policy-editing","","Content Management Policy Editing @content-management-policy-editing","I can edit policy content flags {""FileType"":""excel"",""ContentFlags"":""externalHyperlinks"",""FlagType"":""disallow""} @functional @smoke @TEST-214","I can edit policy content flags {""FileType"":""excel"",""ContentFlags"":""externalHyperlinks"",""FlagType"":""disallow""} @functional @smoke @TEST-214",""
"failed","Thu Nov 19 23:33:12 GMT 2020","Thu Nov 19 23:33:34 GMT 2020","21703","","content-management-policy-history @content-management-policy-history","","content-management-policy-history @content-management-policy-history","I can change the number of items displayed on a page {""itemCount"":""25""} @smoke @TEST-217","I can change the number of items displayed on a page {""itemCount"":""25""} @smoke @TEST-217",""
"passed","Thu Nov 19 23:34:33 GMT 2020","Thu Nov 19 23:34:47 GMT 2020","13669","","non-compliant-files-routing-mechanism @non-compliant-files-routing-mechanism","","non-compliant-files-routing-mechanism @non-compliant-files-routing-mechanism","I can change the outcome of unprocessable files {""routeOption"":""Refer"",""updatedRouteOption"":""Refer""} @smoke @TEST-183","I can change the outcome of unprocessable files {""routeOption"":""Refer"",""updatedRouteOption"":""Refer""} @smoke @TEST-183",""
"failed","Thu Nov 19 23:33:47 GMT 2020","Thu Nov 19 23:33:57 GMT 2020","9464","","user-records-admin @user-records-admin","","user-records-admin @user-records-admin","I cannot delete my own account @smoke @TEST-191 @Fail-app","I cannot delete my own account @smoke @TEST-191 @Fail-app",""
"failed","Thu Nov 19 23:33:36 GMT 2020","Thu Nov 19 23:33:47 GMT 2020","10892","","user-records-admin @user-records-admin","","user-records-admin @user-records-admin","A duplicate user cannot be added {""name"":""tester1"",""email"":""tester1@glasswalltest.co""} @smoke @TEST-186 @Fail-app","A duplicate user cannot be added {""name"":""tester1"",""email"":""tester1@glasswalltest.co""} @smoke @TEST-186 @Fail-app",""
"passed","Thu Nov 19 23:33:54 GMT 2020","Thu Nov 19 23:34:36 GMT 2020","42243","","request-history-log @request-history-log","","request-history-log @request-history-log","Validate requests log view using a combination of multiple filters {""riskFilter"":""Safe"",""typeFilter"":""png"",""fileIdFilter"":"""",""appliedFilters"":""Safe_png""} @smoke @TEST-179","Validate requests log view using a combination of multiple filters {""riskFilter"":""Safe"",""typeFilter"":""png"",""fileIdFilter"":"""",""appliedFilters"":""Safe_png""} @smoke @TEST-179",""
"passed","Thu Nov 19 23:34:36 GMT 2020","Thu Nov 19 23:35:20 GMT 2020","43949","","request-history-log @request-history-log","","request-history-log @request-history-log","I can remove individual filters {""filterOne"":""docx"",""filterTwo"":""Safe"",""filterToRemove"":""docx"",""appliedFilter"":""Safe""} @functional @smoke @TEST-189","I can remove individual filters {""filterOne"":""docx"",""filterTwo"":""Safe"",""filterToRemove"":""docx"",""appliedFilter"":""Safe""} @functional @smoke @TEST-189",""
"failed","Thu Nov 19 23:34:22 GMT 2020","Thu Nov 19 23:34:33 GMT 2020","11796","","dashboard-requests-filtering-by-file-risk @dashboard-requests-filtering-by-file-risk","","dashboard-requests-filtering-by-file-risk @dashboard-requests-filtering-by-file-risk","I can filter the risk legend {""chart"":""line graph"",""fileRisk"":""Blocked By Policy"",""filteredRisk"":""Blocked By Policy""} @smoke @TEST-192 @Fail-App","I can filter the risk legend {""chart"":""line graph"",""fileRisk"":""Blocked By Policy"",""filteredRisk"":""Blocked By Policy""} @smoke @TEST-192 @Fail-App",""
"failed","Thu Nov 19 23:35:28 GMT 2020","Thu Nov 19 23:35:50 GMT 2020","21464","","non-compliant-files-routing-mechanism @non-compliant-files-routing-mechanism","","non-compliant-files-routing-mechanism @non-compliant-files-routing-mechanism","A set routing policy for Glasswall blocked files is correctly applied {""blockedPolicyAction"":""Relay"",""NcfsDecision"":""NA"",""file"":""src/data/input/types/safe_file.xlsx"",""responseCode"":""204"",""fileOutcome"":""File is clean!""} @smoke @TEST-233","A set routing policy for Glasswall blocked files is correctly applied {""blockedPolicyAction"":""Relay"",""NcfsDecision"":""NA"",""file"":""src/data/input/types/safe_file.xlsx"",""responseCode"":""204"",""fileOutcome"":""File is clean!""} @smoke @TEST-233",""
"failed","Thu Nov 19 23:33:24 GMT 2020","Thu Nov 19 23:33:36 GMT 2020","11900","","user-records-admin @user-records-admin","","user-records-admin @user-records-admin","A new user cannot be added with a invalid email {""name"":""InvalidUser2"",""email"":""Invalid""} @smoke @TEST-185 @Fail-app","A new user cannot be added with a invalid email {""name"":""InvalidUser2"",""email"":""Invalid""} @smoke @TEST-185 @Fail-app",""
"failed","Thu Nov 19 23:35:50 GMT 2020","Thu Nov 19 23:36:06 GMT 2020","16187","","non-compliant-files-routing-mechanism @non-compliant-files-routing-mechanism","","non-compliant-files-routing-mechanism @non-compliant-files-routing-mechanism","A set routing policy for unprocessable files is correctly applied {""fileTypePolicyAction"":""Relay"",""NcfsDecision"":""NA"",""file"":""src/data/input/file1.docx"",""responseCode"":""204"",""fileOutcome"":""File is clean!""} @smoke @TEST-234","A set routing policy for unprocessable files is correctly applied {""fileTypePolicyAction"":""Relay"",""NcfsDecision"":""NA"",""file"":""src/data/input/file1.docx"",""responseCode"":""204"",""fileOutcome"":""File is clean!""} @smoke @TEST-234",""
"passed","Thu Nov 19 23:34:19 GMT 2020","Thu Nov 19 23:34:33 GMT 2020","14140","","non-compliant-files-routing-mechanism @non-compliant-files-routing-mechanism","","non-compliant-files-routing-mechanism @non-compliant-files-routing-mechanism","I can change the outcome of unprocessable files {""routeOption"":""Block"",""updatedRouteOption"":""Block""} @smoke @TEST-183","I can change the outcome of unprocessable files {""routeOption"":""Block"",""updatedRouteOption"":""Block""} @smoke @TEST-183",""
"passed","Thu Nov 19 23:34:03 GMT 2020","Thu Nov 19 23:34:31 GMT 2020","27675","","request-history-filtering-by-file-type @request-history-filtering-by-file-type","","request-history-filtering-by-file-type @request-history-filtering-by-file-type","filter the log by file type {""filter"":""docx"",""filteredFile"":""Docx""} @functional @smoke @TEST-163","filter the log by file type {""filter"":""docx"",""filteredFile"":""Docx""} @functional @smoke @TEST-163",""
"failed","Thu Nov 19 23:33:25 GMT 2020","Thu Nov 19 23:33:37 GMT 2020","11706","","dashboard-requests-filtering-by-file-risk @dashboard-requests-filtering-by-file-risk","","dashboard-requests-filtering-by-file-risk @dashboard-requests-filtering-by-file-risk","I can filter the risk legend {""chart"":""pie"",""fileRisk"":""Blocked By Policy"",""filteredRisk"":""Blocked By Policy""} @smoke @TEST-192 @Fail-App","I can filter the risk legend {""chart"":""pie"",""fileRisk"":""Blocked By Policy"",""filteredRisk"":""Blocked By Policy""} @smoke @TEST-192 @Fail-App",""
"failed","Thu Nov 19 23:35:08 GMT 2020","Thu Nov 19 23:35:20 GMT 2020","11915","","dashboard-requests-filtering-by-process-date @dashboard-requests-filtering-by-process-date","","dashboard-requests-filtering-by-process-date @dashboard-requests-filtering-by-process-date","I am able to filter the dashboard requests by time {""time"":""Custom Range"",""dateStart"":""2/10/2020 10:30 AM"",""dateEnd"":""2/10/2020 11:00 AM"",""dateRange"":""02/10/2020 10:30 AM - 02/10/2020 11:00 AM""} @smoke @TEST-151_custom","I am able to filter the dashboard requests by time {""time"":""Custom Range"",""dateStart"":""2/10/2020 10:30 AM"",""dateEnd"":""2/10/2020 11:00 AM"",""dateRange"":""02/10/2020 10:30 AM - 02/10/2020 11:00 AM""} @smoke @TEST-151_custom",""
"failed","Thu Nov 19 23:33:12 GMT 2020","Thu Nov 19 23:33:25 GMT 2020","12338","","file-drop-file-analysis-reporting @file-drop-file-analysis-reporting","","file-drop-file-analysis-reporting @file-drop-file-analysis-reporting","I can download the full XML analysis report for a file {""supportedFile"":""src/data/input/file1.docx"",""xmlFile"":""file1.xml""} @smoke @TEST-225 @Fail-code","I can download the full XML analysis report for a file {""supportedFile"":""src/data/input/file1.docx"",""xmlFile"":""file1.xml""} @smoke @TEST-225 @Fail-code",""
"failed","Thu Nov 19 23:35:32 GMT 2020","Thu Nov 19 23:35:44 GMT 2020","11778","","dashboard-requests-filtering-by-process-date @dashboard-requests-filtering-by-process-date","","dashboard-requests-filtering-by-process-date @dashboard-requests-filtering-by-process-date","I am able to filter the dashboard requests by time {""timeInterval"":""12 Hours"",""datetimeFrom"":""12"",""datetimeTo"":""current time""} @smoke @TEST-151_time","I am able to filter the dashboard requests by time {""timeInterval"":""12 Hours"",""datetimeFrom"":""12"",""datetimeTo"":""current time""} @smoke @TEST-151_time",""
